Start weights 
Input bias weights: [0.4419547581589546, 0.418982781606303, 0.5040966306948869, 0.5446693572306798, 0.2508368485234626, 0.3418026481941905, 0.258321221399215, 0.15524035559967084, 0.16145971675334767, 0.2207994170096829, 0.13489466938364464, 0.3648010218352362, 0.4484904451334164, 0.3771670225841006, 0.4392310414405921, 0.20538648394691034]
Hidden Layer bias weights: [0.2854517067381537, 0.5152626619940851, 0.17910280728783257, 0.45546171133354496, 0.14084520940974712, 0.26116118466247695, 0.5846534265414978, 0.4248739075290997, 0.4901071177807952, 0.3252657693544246]
End weights 
Start weights 
Input bias weights: [0.4419547581589546, 0.418982781606303, 0.5040966306948869, 0.5446693572306798, 0.2508368485234626, 0.3418026481941905, 0.258321221399215, 0.15524035559967084, 0.16145971675334767, 0.2207994170096829, 0.13489466938364464, 0.3648010218352362, 0.4484904451334164, 0.3771670225841006, 0.4392310414405921, 0.20538648394691034]
Hidden Layer bias weights: [0.7091330378468891, 0.871380602284726, 0.5560734747346482, 0.7954702119333952, 0.5612986276775344, 0.7090273021429924, 1.0231642486418469, 0.8034896995587473, 0.8884354689524558, 0.736738463145832]
End weights 
Start weights 
Input bias weights: [0.4419547581589546, 0.418982781606303, 0.5040966306948869, 0.5446693572306798, 0.2508368485234626, 0.3418026481941905, 0.258321221399215, 0.15524035559967084, 0.16145971675334767, 0.2207994170096829, 0.13489466938364464, 0.3648010218352362, 0.4484904451334164, 0.3771670225841006, 0.4392310414405921, 0.20538648394691034]
Hidden Layer bias weights: [0.7091330378468891, 0.871380602284726, 0.5560734747346482, 0.7954702119333952, 0.5612986276775344, 0.7090273021429924, 1.0231642486418469, 0.8034896995587473, 0.8884354689524558, 0.736738463145832]
End weights 
Start weights 
Input bias weights: [0.4419547581589546, 0.418982781606303, 0.5040966306948869, 0.5446693572306798, 0.2508368485234626, 0.3418026481941905, 0.258321221399215, 0.15524035559967084, 0.16145971675334767, 0.2207994170096829, 0.13489466938364464, 0.3648010218352362, 0.4484904451334164, 0.3771670225841006, 0.4392310414405921, 0.20538648394691034]
Hidden Layer bias weights: [0.2854517067381537, 0.5152626619940851, 0.17910280728783257, 0.45546171133354496, 0.14084520940974712, 0.26116118466247695, 0.5846534265414978, 0.4248739075290997, 0.4901071177807952, 0.3252657693544246]
End weights 
Start weights 
Input bias weights: [0.4419547581589546, 0.418982781606303, 0.5040966306948869, 0.5446693572306798, 0.2508368485234626, 0.3418026481941905, 0.258321221399215, 0.15524035559967084, 0.16145971675334767, 0.2207994170096829, 0.13489466938364464, 0.3648010218352362, 0.4484904451334164, 0.3771670225841006, 0.4392310414405921, 0.20538648394691034]
Hidden Layer bias weights: [0.2854517067381537, 0.5152626619940851, 0.17910280728783257, 0.45546171133354496, 0.14084520940974712, 0.26116118466247695, 0.5846534265414978, 0.4248739075290997, 0.4901071177807952, 0.3252657693544246]
End weights 
Start weights 
Input bias weights: [0.4419547581589546, 0.418982781606303, 0.5040966306948869, 0.5446693572306798, 0.2508368485234626, 0.3418026481941905, 0.258321221399215, 0.15524035559967084, 0.16145971675334767, 0.2207994170096829, 0.13489466938364464, 0.3648010218352362, 0.4484904451334164, 0.3771670225841006, 0.4392310414405921, 0.20538648394691034]
Hidden Layer bias weights: [0.2854517067381537, 0.5152626619940851, 0.17910280728783257, 0.45546171133354496, 0.14084520940974712, 0.26116118466247695, 0.5846534265414978, 0.4248739075290997, 0.4901071177807952, 0.3252657693544246]
End weights 
Start weights 
Input bias weights: [0.4419547581589546, 0.418982781606303, 0.5040966306948869, 0.5446693572306798, 0.2508368485234626, 0.3418026481941905, 0.258321221399215, 0.15524035559967084, 0.16145971675334767, 0.2207994170096829, 0.13489466938364464, 0.3648010218352362, 0.4484904451334164, 0.3771670225841006, 0.4392310414405921, 0.20538648394691034]
Hidden Layer bias weights: [-0.18248404439819418, -0.02930002276943807, -0.3668451852589588, -0.09145485252119441, -0.29390197541960617, -0.2130064191184852, 0.13474914660358792, -0.09164186762170164, -0.009616894894665592, -0.12027115885908099]
End weights 
Start weights 
Input bias weights: [0.4419547581589546, 0.418982781606303, 0.5040966306948869, 0.5446693572306798, 0.2508368485234626, 0.3418026481941905, 0.258321221399215, 0.15524035559967084, 0.16145971675334767, 0.2207994170096829, 0.13489466938364464, 0.3648010218352362, 0.4484904451334164, 0.3771670225841006, 0.4392310414405921, 0.20538648394691034]
Hidden Layer bias weights: [-0.18248404439819418, -0.02930002276943807, -0.3668451852589588, -0.09145485252119441, -0.29390197541960617, -0.2130064191184852, 0.13474914660358792, -0.09164186762170164, -0.009616894894665592, -0.12027115885908099]
End weights 
Start weights 
Input bias weights: [0.4419547581589546, 0.418982781606303, 0.5040966306948869, 0.5446693572306798, 0.2508368485234626, 0.3418026481941905, 0.258321221399215, 0.15524035559967084, 0.16145971675334767, 0.2207994170096829, 0.13489466938364464, 0.3648010218352362, 0.4484904451334164, 0.3771670225841006, 0.4392310414405921, 0.20538648394691034]
Hidden Layer bias weights: [0.2854517067381537, 0.5152626619940851, 0.17910280728783257, 0.45546171133354496, 0.14084520940974712, 0.26116118466247695, 0.5846534265414978, 0.4248739075290997, 0.4901071177807952, 0.3252657693544246]
End weights 
Start weights 
Input bias weights: [0.4419547581589546, 0.418982781606303, 0.5040966306948869, 0.5446693572306798, 0.2508368485234626, 0.3418026481941905, 0.258321221399215, 0.15524035559967084, 0.16145971675334767, 0.2207994170096829, 0.13489466938364464, 0.3648010218352362, 0.4484904451334164, 0.3771670225841006, 0.4392310414405921, 0.20538648394691034]
Hidden Layer bias weights: [-0.18248404439819418, -0.02930002276943807, -0.3668451852589588, -0.09145485252119441, -0.29390197541960617, -0.2130064191184852, 0.13474914660358792, -0.09164186762170164, -0.009616894894665592, -0.12027115885908099]
End weights 
Start weights 
Input bias weights: [0.4419547581589546, 0.418982781606303, 0.5040966306948869, 0.5446693572306798, 0.2508368485234626, 0.3418026481941905, 0.258321221399215, 0.15524035559967084, 0.16145971675334767, 0.2207994170096829, 0.13489466938364464, 0.3648010218352362, 0.4484904451334164, 0.3771670225841006, 0.4392310414405921, 0.20538648394691034]
Hidden Layer bias weights: [-0.18248404439819418, -0.02930002276943807, -0.3668451852589588, -0.09145485252119441, -0.29390197541960617, -0.2130064191184852, 0.13474914660358792, -0.09164186762170164, -0.009616894894665592, -0.12027115885908099]
End weights 
Start weights 
Input bias weights: [0.4419547581589546, 0.418982781606303, 0.5040966306948869, 0.5446693572306798, 0.2508368485234626, 0.3418026481941905, 0.258321221399215, 0.15524035559967084, 0.16145971675334767, 0.2207994170096829, 0.13489466938364464, 0.3648010218352362, 0.4484904451334164, 0.3771670225841006, 0.4392310414405921, 0.20538648394691034]
Hidden Layer bias weights: [0.2854517067381537, 0.5152626619940851, 0.17910280728783257, 0.45546171133354496, 0.14084520940974712, 0.26116118466247695, 0.5846534265414978, 0.4248739075290997, 0.4901071177807952, 0.3252657693544246]
End weights 
Start weights 
Input bias weights: [0.4419547581589546, 0.418982781606303, 0.5040966306948869, 0.5446693572306798, 0.2508368485234626, 0.3418026481941905, 0.258321221399215, 0.15524035559967084, 0.16145971675334767, 0.2207994170096829, 0.13489466938364464, 0.3648010218352362, 0.4484904451334164, 0.3771670225841006, 0.4392310414405921, 0.20538648394691034]
Hidden Layer bias weights: [-0.42480334553523275, -0.2623843553225963, -0.5778230250903241, -0.338318366247836, -0.5724511292543494, -0.42490137139617123, -0.11074997100321596, -0.33028573023714086, -0.24544520812526804, -0.39710083567959664]
End weights 
Start weights 
Input bias weights: [0.4419547581589546, 0.418982781606303, 0.5040966306948869, 0.5446693572306798, 0.2508368485234626, 0.3418026481941905, 0.258321221399215, 0.15524035559967084, 0.16145971675334767, 0.2207994170096829, 0.13489466938364464, 0.3648010218352362, 0.4484904451334164, 0.3771670225841006, 0.4392310414405921, 0.20538648394691034]
Hidden Layer bias weights: [-0.42480334553523275, -0.2623843553225963, -0.5778230250903241, -0.338318366247836, -0.5724511292543494, -0.42490137139617123, -0.11074997100321596, -0.33028573023714086, -0.24544520812526804, -0.39710083567959664]
End weights 
Start weights 
Input bias weights: [0.4419547581589546, 0.418982781606303, 0.5040966306948869, 0.5446693572306798, 0.2508368485234626, 0.3418026481941905, 0.258321221399215, 0.15524035559967084, 0.16145971675334767, 0.2207994170096829, 0.13489466938364464, 0.3648010218352362, 0.4484904451334164, 0.3771670225841006, 0.4392310414405921, 0.20538648394691034]
Hidden Layer bias weights: [0.2854517067381537, 0.5152626619940851, 0.17910280728783257, 0.45546171133354496, 0.14084520940974712, 0.26116118466247695, 0.5846534265414978, 0.4248739075290997, 0.4901071177807952, 0.3252657693544246]
End weights 
Start weights 
Input bias weights: [0.4419547581589546, 0.418982781606303, 0.5040966306948869, 0.5446693572306798, 0.2508368485234626, 0.3418026481941905, 0.258321221399215, 0.15524035559967084, 0.16145971675334767, 0.2207994170096829, 0.13489466938364464, 0.3648010218352362, 0.4484904451334164, 0.3771670225841006, 0.4392310414405921, 0.20538648394691034]
Hidden Layer bias weights: [0.2854517067381537, 0.5152626619940851, 0.17910280728783257, 0.45546171133354496, 0.14084520940974712, 0.26116118466247695, 0.5846534265414978, 0.4248739075290997, 0.4901071177807952, 0.3252657693544246]
End weights 
Start weights 
Input bias weights: [0.4419547581589546, 0.418982781606303, 0.5040966306948869, 0.5446693572306798, 0.2508368485234626, 0.3418026481941905, 0.258321221399215, 0.15524035559967084, 0.16145971675334767, 0.2207994170096829, 0.13489466938364464, 0.3648010218352362, 0.4484904451334164, 0.3771670225841006, 0.4392310414405921, 0.20538648394691034]
Hidden Layer bias weights: [0.2854517067381537, 0.5152626619940851, 0.17910280728783257, 0.45546171133354496, 0.14084520940974712, 0.26116118466247695, 0.5846534265414978, 0.4248739075290997, 0.4901071177807952, 0.3252657693544246]
End weights 
Start weights 
Input bias weights: [0.4419547581589546, 0.418982781606303, 0.5040966306948869, 0.5446693572306798, 0.2508368485234626, 0.3418026481941905, 0.258321221399215, 0.15524035559967084, 0.16145971675334767, 0.2207994170096829, 0.13489466938364464, 0.3648010218352362, 0.4484904451334164, 0.3771670225841006, 0.4392310414405921, 0.20538648394691034]
Hidden Layer bias weights: [0.2854517067381537, 0.5152626619940851, 0.17910280728783257, 0.45546171133354496, 0.14084520940974712, 0.26116118466247695, 0.5846534265414978, 0.4248739075290997, 0.4901071177807952, 0.3252657693544246]
End weights 
Start weights 
Input bias weights: [0.4419547581589546, 0.418982781606303, 0.5040966306948869, 0.5446693572306798, 0.2508368485234626, 0.3418026481941905, 0.258321221399215, 0.15524035559967084, 0.16145971675334767, 0.2207994170096829, 0.13489466938364464, 0.3648010218352362, 0.4484904451334164, 0.3771670225841006, 0.4392310414405921, 0.20538648394691034]
Hidden Layer bias weights: [0.2854517067381537, 0.5152626619940851, 0.17910280728783257, 0.45546171133354496, 0.14084520940974712, 0.26116118466247695, 0.5846534265414978, 0.4248739075290997, 0.4901071177807952, 0.3252657693544246]
End weights 
Start weights 
Input bias weights: [0.4419547581589546, 0.418982781606303, 0.5040966306948869, 0.5446693572306798, 0.2508368485234626, 0.3418026481941905, 0.258321221399215, 0.15524035559967084, 0.16145971675334767, 0.2207994170096829, 0.13489466938364464, 0.3648010218352362, 0.4484904451334164, 0.3771670225841006, 0.4392310414405921, 0.20538648394691034]
Hidden Layer bias weights: [0.2854517067381537, 0.5152626619940851, 0.17910280728783257, 0.45546171133354496, 0.14084520940974712, 0.26116118466247695, 0.5846534265414978, 0.4248739075290997, 0.4901071177807952, 0.3252657693544246]
End weights 
Start weights 
Input bias weights: [0.4419547581589546, 0.418982781606303, 0.5040966306948869, 0.5446693572306798, 0.2508368485234626, 0.3418026481941905, 0.258321221399215, 0.15524035559967084, 0.16145971675334767, 0.2207994170096829, 0.13489466938364464, 0.3648010218352362, 0.4484904451334164, 0.3771670225841006, 0.4392310414405921, 0.20538648394691034]
Hidden Layer bias weights: [0.2854517067381537, 0.5152626619940851, 0.17910280728783257, 0.45546171133354496, 0.14084520940974712, 0.26116118466247695, 0.5846534265414978, 0.4248739075290997, 0.4901071177807952, 0.3252657693544246]
End weights 
Start weights 
Input bias weights: [0.4419547581589546, 0.418982781606303, 0.5040966306948869, 0.5446693572306798, 0.2508368485234626, 0.3418026481941905, 0.258321221399215, 0.15524035559967084, 0.16145971675334767, 0.2207994170096829, 0.13489466938364464, 0.3648010218352362, 0.4484904451334164, 0.3771670225841006, 0.4392310414405921, 0.20538648394691034]
Hidden Layer bias weights: [0.2854517067381537, 0.5152626619940851, 0.17910280728783257, 0.45546171133354496, 0.14084520940974712, 0.26116118466247695, 0.5846534265414978, 0.4248739075290997, 0.4901071177807952, 0.3252657693544246]
End weights 
Start weights 
Input bias weights: [0.3864051978837846, 0.24970451014562298, 0.4740272645481297, 0.17881423824402268, 0.33956881151837087, 0.3173468476399801, 0.32395682076957266, 0.3644378574410564, 0.3634304106420263, 0.2513373324817031, 0.5102949398165636, 0.5752580938130332, 0.37509384532842993, 0.4141029412591958, 0.45905877825990593, 0.2531019789487532, 0.3920681343788157, 0.3259213997786782, 0.3370605072559179, 0.2910105241843305, 0.3634921899654976, 0.20124872486816625, 0.21292174930605967, 0.19208197778473374, 0.3931889227484934, 0.21511796881504744, 0.4881211073970856, 0.5517034767271782, 0.4774607176436806, 0.25742344091886726, 0.5707441387709472, 0.265584429974517]
Hidden Layer bias weights: [0.31093413788205315, 0.37235849764662976, 0.30514024464013556, 0.47498566711061374, 0.4090974928709762, 0.5721283848812464, 0.1621546756263263, 0.15487382792630705, 0.2391644591704285, 0.4042900479534641]
End weights 
Start weights 
Input bias weights: [0.3864051978837846, 0.24970451014562298, 0.4740272645481297, 0.17881423824402268, 0.33956881151837087, 0.3173468476399801, 0.32395682076957266, 0.3644378574410564, 0.3634304106420263, 0.2513373324817031, 0.5102949398165636, 0.5752580938130332, 0.37509384532842993, 0.4141029412591958, 0.45905877825990593, 0.2531019789487532, 0.3920681343788157, 0.3259213997786782, 0.3370605072559179, 0.2910105241843305, 0.3634921899654976, 0.20124872486816625, 0.21292174930605967, 0.19208197778473374, 0.3931889227484934, 0.21511796881504744, 0.4881211073970856, 0.5517034767271782, 0.4774607176436806, 0.25742344091886726, 0.5707441387709472, 0.265584429974517]
Hidden Layer bias weights: [0.31093413788205315, 0.37235849764662976, 0.30514024464013556, 0.47498566711061374, 0.4090974928709762, 0.5721283848812464, 0.1621546756263263, 0.15487382792630705, 0.2391644591704285, 0.4042900479534641]
End weights 
Start weights 
Input bias weights: [0.4606805334400247, 0.45005752393567655, 0.5561232351983207, 0.3799016608223348, 0.4497098921598822, 0.15278167835068457, 0.5355536773947809, 0.11648772292738775, 0.4000972266684921, 0.14746907762592001, 0.20688741593140242, 0.4406658078256106, 0.2856654663248239, 0.43992722114823046, 0.2022525149276362, 0.13888051892247177, 0.2669034910560053, 0.3479286413202187, 0.5029910335884309, 0.5318550804631893, 0.2829878353454748, 0.5707635802548818, 0.37725657537498003, 0.18395778260426765, 0.346858845809102, 0.4367335613629987, 0.47912453462918203, 0.1509450675516018, 0.5859900831546734, 0.37406849344570947, 0.09250121339919085, 0.23558600667329033, 0.5144183710921715, 0.1177530987249587, 0.2490221040310631, 0.43599709969394373, 0.1549896609362873, 0.4561477870476487, 0.3906078674882487, 0.2269000639043567, 0.5032834938665922, 0.12720559298555947, 0.18860205255703633, 0.4798437373484623, 0.39703557217525187, 0.2004624961955038, 0.2902156475629355, 0.5226324407757317, 0.17829014947746452, 0.12286566689404763, 0.3442389473603462]
Hidden Layer bias weights: [0.3446367161868896, 0.19954007886690323, 0.3885798046482607, 0.512123807959023, 0.330743783881858, 0.36657052794690104, 0.18654291286842886, 0.09427356656516073, 0.33066544197582115, 0.21778039619689965]
End weights 
Start weights 
Input bias weights: [0.3864051978837846, 0.24970451014562298, 0.4740272645481297, 0.17881423824402268, 0.33956881151837087, 0.3173468476399801, 0.32395682076957266, 0.3644378574410564, 0.3634304106420263, 0.2513373324817031, 0.5102949398165636, 0.5752580938130332, 0.37509384532842993, 0.4141029412591958, 0.45905877825990593, 0.2531019789487532, 0.3920681343788157, 0.3259213997786782, 0.3370605072559179, 0.2910105241843305, 0.3634921899654976, 0.20124872486816625, 0.21292174930605967, 0.19208197778473374, 0.3931889227484934, 0.21511796881504744, 0.4881211073970856, 0.5517034767271782, 0.4774607176436806, 0.25742344091886726, 0.5707441387709472, 0.265584429974517]
Hidden Layer bias weights: [0.31093413788205315, 0.37235849764662976, 0.30514024464013556, 0.47498566711061374, 0.4090974928709762, 0.5721283848812464, 0.1621546756263263, 0.15487382792630705, 0.2391644591704285, 0.4042900479534641]
End weights 
Start weights 
Input bias weights: [0.4678761925202134, 0.23993890478034335, 0.09681798833859782, 0.1129879757369088, 0.25829846406853557, 0.27979762611532116, 0.5522451972239631, 0.4420155646851307, 0.5398836916763381, 0.47530692985959044, 0.44734565730857256, 0.47931881172748936, 0.203045690176758, 0.47669791971960507, 0.38618499076850366, 0.41856175951175745, 0.342863730173914, 0.31824736019295313, 0.5203123889016589, 0.4978413044714335, 0.18836835943680363, 0.5283482421935304, 0.3653001885994692, 0.12184842395998749, 0.4928181408979736, 0.538868249776747, 0.31135678882756934, 0.3090221713876871, 0.22794290186225538, 0.18896112836116974, 0.3626702174167532, 0.3130497415611023]
Hidden Layer bias weights: [0.488391797226975, 0.4555525943647397, 0.361350177358046, 0.5436772785453488, 0.39603448625384763, 0.1090556436706631, 0.5162719631306127, 0.09343072095254097, 0.5968521518533325, 0.3860256425776212]
End weights 
Start weights 
Input bias weights: [0.4678761925202134, 0.23993890478034335, 0.09681798833859782, 0.1129879757369088, 0.25829846406853557, 0.27979762611532116, 0.5522451972239631, 0.4420155646851307, 0.5398836916763381, 0.47530692985959044, 0.44734565730857256, 0.47931881172748936, 0.203045690176758, 0.47669791971960507, 0.38618499076850366, 0.41856175951175745, 0.342863730173914, 0.31824736019295313, 0.5203123889016589, 0.4978413044714335, 0.18836835943680363, 0.5283482421935304, 0.3653001885994692, 0.12184842395998749, 0.4928181408979736, 0.538868249776747, 0.31135678882756934, 0.3090221713876871, 0.22794290186225538, 0.18896112836116974, 0.3626702174167532, 0.3130497415611023]
Hidden Layer bias weights: [0.488391797226975, 0.4555525943647397, 0.361350177358046, 0.5436772785453488, 0.39603448625384763, 0.1090556436706631, 0.5162719631306127, 0.09343072095254097, 0.5968521518533325, 0.3860256425776212]
End weights 
Start weights 
Input bias weights: [0.25981179851759884, 0.5780800778686033, 0.09782019017653135, 0.5679514792331464, 0.5806595536183741, 0.1498312617161006, 0.5997817235790839, 0.33424964693460657, 0.2137225227413282, 0.39824478238017835, 0.19430170291872578, 0.5567144943927138, 0.3715604391993854, 0.48551207985252287, 0.2841374896301905, 0.3621615649822941, 0.2732223733313036, 0.22339642996652984, 0.35153643541212454, 0.34361141948150153, 0.14029019809839482, 0.5904724129917541, 0.3294401152315048, 0.5182629025974793, 0.5563085544377194, 0.2790595099299418, 0.30110438699509856, 0.37688761100682067, 0.20284979014127485, 0.16442058368229978, 0.22299479605398248, 0.5667267076511403]
Hidden Layer bias weights: [0.5050065096730763, 0.45005406408244986, 0.24169686569666946, 0.40338710301358893, 0.13322350399774419, 0.15831336252186243, 0.15010944285744493, 0.24574380129310444, 0.1833527043490566, 0.4436526362753872]
End weights 
Start weights 
Input bias weights: [0.5016250017952586, 0.2287101034608904, 0.12257471445280552, 0.4532848565822527, 0.3840923541042338, 0.12930571595605653, 0.32215086661650805, 0.27366318671609413, 0.34480110293830546, 0.37911192540160943, 0.277520766706974, 0.22010920132992984, 0.1424815066611535, 0.3826952756479488, 0.45861697039619187, 0.20648625580815805, 0.34950069130442984, 0.11245933270403285, 0.5300935324003317, 0.21472123968191875, 0.3305999406846465, 0.2853195319273735, 0.16654318080298652, 0.5648916393501646, 0.527317450851466, 0.37196104213289094, 0.5561133114557758, 0.46773957233435426, 0.3038783452250272, 0.2541190273807512, 0.30229086523567084, 0.45734683992838054, 0.2283415585850065, 0.1297224056831251, 0.2801321650363093, 0.3460408807053872, 0.5499899147217184, 0.1814656186388759, 0.5002123899239659, 0.5905210706101625, 0.5765804978048181, 0.1251524832641]
Hidden Layer bias weights: [0.5868519065476884, 0.3159864127990287, 0.5111698992076728, 0.22740419031446946, 0.3025540911297452, 0.41923295382809855, 0.18584720235523183, 0.19780915607400779, 0.5102244114701218, 0.467881847449204]
End weights 
Start weights 
Input bias weights: [0.5483263057009775, 0.3170067082986521, 0.13477327796341285, 0.43778392272782496, 0.5212158216770967, 0.2529897637709848, 0.2671869003166679, 0.12311892994119628, 0.36650739422503675, 0.5445791580004834, 0.5241946458840941, 0.45302264304367845, 0.5629354729288206, 0.4152270115076483, 0.4947851557609514, 0.3494654300388934, 0.15189485209001302, 0.19249998930061973, 0.16082720473956652, 0.4930902610119521, 0.1034048536722155, 0.3725509330023935, 0.27814469440562256, 0.4998674804071791]
Hidden Layer bias weights: [0.3608311597637276, 0.4153517324384052, 0.11677046448812602, 0.3007836966846119, 0.45585260868762423, 0.14127790143644742, 0.48309068963012236, 0.09264253766763632, 0.3706798085476045, 0.5638408368866887]
End weights 
Start weights 
Input bias weights: [0.1519273025149361, 0.5863048760690641, 0.4005245502118021, 0.2120417057871017, 0.1707728635406685, 0.3709278935713617, 0.3716482186174038, 0.1375366926535765, 0.596051141091562, 0.5555942380269256, 0.3253384260311796, 0.14990773603567434]
Hidden Layer bias weights: [0.5962729422497177, 0.24056768448046736, 0.5887516871342, 0.42569720612362716, 0.22998499389089613, 0.3786237986474065, 0.4397577412943462, 0.4697811089943158, 0.11501256789575998, 0.39926731146900196]
End weights 
Start weights 
Input bias weights: [0.5198544792968028]
Hidden Layer bias weights: [0.29177226954093877, 0.5564192707676772, 0.3240144448195734, 0.22508888491400675, 0.21578002892393155, 0.37629774842320696, 0.22399822034669697, 0.3881388550140057, 0.5478896706372632, 0.2936942576216026]
End weights 
Start weights 
Input bias weights: [0.35306495209194244, 0.20815219613721142, 0.1764362748246821, 0.10839117790361788, 0.2120208788965624, 0.09014650864585794, 0.17029682803369933, 0.5983767433518752, 0.48763316827797276, 0.27009510831182926, 0.2915229896961151, 0.38890088425694624, 0.35404877750454034, 0.4658320254746614, 0.12499475768790007, 0.13598458737352676, 0.2350918313885535, 0.513180049249143, 0.5566545767135586, 0.2675285766066037, 0.5812767091833992, 0.2310190028355323, 0.3992453380760487, 0.18920784847384015, 0.5641540588141813, 0.38320242809036553, 0.22316482789268893, 0.2976386593146728, 0.14429712776021406, 0.126916844968619, 0.2400684304787412, 0.5729778872406079, 0.4995005437119022, 0.5779217682884904, 0.5368176535839642, 0.5047051482992508, 0.3831958781746936, 0.44403784935036306, 0.5826882823728841, 0.37721598794051436, 0.4826832682942551, 0.47631137537380297, 0.5802317499038233, 0.3240126989604032, 0.32496742514690125, 0.3892815237464895, 0.10394885574135766, 0.14929683373487052, 0.12445267293723933, 0.4131675167546761, 0.5970409970163925, 0.435225617793201, 0.2072643706804686, 0.2510226539547536, 0.5772773004329137, 0.35341715077446756, 0.09495882777435671, 0.5144102929108466, 0.21661138077465952, 0.13743480938266678, 0.433585937558725, 0.5087480916411904, 0.12877469847218143, 0.5650120823161879]
Hidden Layer bias weights: [0.3742435520277201, 0.5737867977240284, 0.15037751826576112, 0.25197477048752065, 0.5386154420242953, 0.46081056196269765, 0.48037185641028435, 0.5388672690553737, 0.3011604792640362, 0.29973839927246815]
End weights 
Start weights 
Input bias weights: [0.552328517807578, 0.43265292274082856, 0.3487305763594758, 0.5211638145647436, 0.518725734244164, 0.5370123400144764, 0.1823792874800404, 0.13977756254448176, 0.1552515112449872, 0.22191244378570602, 0.5022553732626598, 0.47908829134284425, 0.18336486207642347, 0.4366533083378634, 0.26117255623461055, 0.135542909229914, 0.27119453202111454, 0.46954706396483215, 0.24661348837942634, 0.49192612277187564, 0.25897173985509603, 0.22288521005690884, 0.2399660720416748, 0.5241190829878192, 0.3299736495120469, 0.5318606185431952, 0.38762305606871605, 0.5715935018400393, 0.12632002607607867, 0.5436072913498978, 0.3452434609912792, 0.5324238548960973, 0.28465130210084943, 0.24216143444690627, 0.1175716050277133, 0.5256622829057053, 0.1600562821782932, 0.19215126130552318, 0.2986878418435731, 0.3803958298664615, 0.5523766765981251, 0.323361430861386, 0.25135556340084153, 0.45499091261611835, 0.4872600004912454, 0.33866623133153484, 0.4118267138539745, 0.18018037594736497, 0.4135944742678622, 0.09240388572623685, 0.2294992097227648]
Hidden Layer bias weights: [0.12435500627644869, 0.1400832247039897, 0.46005052124041157, 0.33846710916821177, 0.25873397515818897, 0.1553897247639353, 0.42429122015544585, 0.1410229792104657, 0.40595304634870977, 0.5490604813298902]
End weights 
Start weights 
Input bias weights: [0.38759687129429643, 0.17696115149079628, 0.4108028729841354, 0.4060652608055556, 0.5189952337287148, 0.16536561123316923, 0.43717071647584627, 0.10610096180447068, 0.5735846370999936, 0.1460467158801854, 0.0996580574283724, 0.24998316655738614, 0.1672299416408662, 0.442155133068448, 0.29929247875457954, 0.4852358739216164, 0.5594656844475775, 0.5351370315452834, 0.46527700834702745, 0.12176345586736029, 0.1604220677504572, 0.1957442695353348, 0.25577526255728794, 0.42773566785431805, 0.357993347214018, 0.25001382535628675, 0.17832303616723716]
Hidden Layer bias weights: [0.5565179986461118, 0.37681683428932367, 0.5835709561587796, 0.3742162466816292, 0.1583873030401298, 0.21385784320568874, 0.19370173386062772, 0.4198199842894518, 0.5603353133007234, 0.522038026819002]
End weights 
Start weights 
Input bias weights: [0.38759687129429643, 0.17696115149079628, 0.4108028729841354, 0.4060652608055556, 0.5189952337287148, 0.16536561123316923, 0.43717071647584627, 0.10610096180447068, 0.5735846370999936, 0.1460467158801854, 0.0996580574283724, 0.24998316655738614, 0.1672299416408662, 0.442155133068448, 0.29929247875457954, 0.4852358739216164, 0.5594656844475775, 0.5351370315452834, 0.46527700834702745, 0.12176345586736029, 0.1604220677504572, 0.1957442695353348, 0.25577526255728794, 0.42773566785431805, 0.357993347214018, 0.25001382535628675, 0.17832303616723716]
Hidden Layer bias weights: [0.5565179986461118, 0.37681683428932367, 0.5835709561587796, 0.3742162466816292, 0.1583873030401298, 0.21385784320568874, 0.19370173386062772, 0.4198199842894518, 0.5603353133007234, 0.522038026819002]
End weights 
Start weights 
Input bias weights: [0.38759687129429643, 0.17696115149079628, 0.4108028729841354, 0.4060652608055556, 0.5189952337287148, 0.16536561123316923, 0.43717071647584627, 0.10610096180447068, 0.5735846370999936, 0.1460467158801854, 0.0996580574283724, 0.24998316655738614, 0.1672299416408662, 0.442155133068448, 0.29929247875457954, 0.4852358739216164, 0.5594656844475775, 0.5351370315452834, 0.46527700834702745, 0.12176345586736029, 0.1604220677504572, 0.1957442695353348, 0.25577526255728794, 0.42773566785431805, 0.357993347214018, 0.25001382535628675, 0.17832303616723716]
Hidden Layer bias weights: [0.5565179986461118, 0.37681683428932367, 0.5835709561587796, 0.3742162466816292, 0.1583873030401298, 0.21385784320568874, 0.19370173386062772, 0.4198199842894518, 0.5603353133007234, 0.522038026819002]
End weights 
Start weights 
Input bias weights: [0.450113966228584, 0.2023072370479956, 0.47741514468721813, 0.4718414833006537, 0.6047002749749585, 0.18866542498019911, 0.5084361370304074, 0.11894230800525962, 0.6689231024705807, 0.16593731280021812, 0.11136242050396755, 0.2882154900675131, 0.19085875487160725, 0.5143001565511153, 0.34622644559362303, 0.5649833810842546, 0.6523125699383263, 0.6236906253473922, 0.5415023627612088, 0.13736877160865918, 0.1828494914711261, 0.22440502298274684, 0.2950297206556329, 0.4973360798286094, 0.4152862908400212, 0.2882515592426903, 0.20390945431439667]
Hidden Layer bias weights: [0.6488447042895432, 0.4374315697521455, 0.6806717131279759, 0.4343720549195639, 0.18045565063544683, 0.24571510965375146, 0.22200203983603264, 0.48802351092876683, 0.6533356627067334, 0.608280031551767]
End weights 
Start weights 
Input bias weights: [0.450113966228584, 0.2023072370479956, 0.47741514468721813, 0.4718414833006537, 0.6047002749749585, 0.18866542498019911, 0.5084361370304074, 0.11894230800525962, 0.6689231024705807, 0.16593731280021812, 0.11136242050396755, 0.2882154900675131, 0.19085875487160725, 0.5143001565511153, 0.34622644559362303, 0.5649833810842546, 0.6523125699383263, 0.6236906253473922, 0.5415023627612088, 0.13736877160865918, 0.1828494914711261, 0.22440502298274684, 0.2950297206556329, 0.4973360798286094, 0.4152862908400212, 0.2882515592426903, 0.20390945431439667]
Hidden Layer bias weights: [0.6488447042895432, 0.4374315697521455, 0.6806717131279759, 0.4343720549195639, 0.18045565063544683, 0.24571510965375146, 0.22200203983603264, 0.48802351092876683, 0.6533356627067334, 0.608280031551767]
End weights 
Start weights 
Input bias weights: [0.450113966228584, 0.2023072370479956, 0.47741514468721813, 0.4718414833006537, 0.6047002749749585, 0.18866542498019911, 0.5084361370304074, 0.11894230800525962, 0.6689231024705807, 0.16593731280021812, 0.11136242050396755, 0.2882154900675131, 0.19085875487160725, 0.5143001565511153, 0.34622644559362303, 0.5649833810842546, 0.6523125699383263, 0.6236906253473922, 0.5415023627612088, 0.13736877160865918, 0.1828494914711261, 0.22440502298274684, 0.2950297206556329, 0.4973360798286094, 0.4152862908400212, 0.2882515592426903, 0.20390945431439667]
Hidden Layer bias weights: [0.1637380756310976, -0.07272092492341138, 0.2260301370696253, -0.020657921322892157, -0.2945311846804419, -0.2084367069816472, -0.3140730568836946, 0.01868754588076003, 0.11973130393136613, 0.10097946642628639]
End weights 
Start weights 
Input bias weights: [0.450113966228584, 0.2023072370479956, 0.47741514468721813, 0.4718414833006537, 0.6047002749749585, 0.18866542498019911, 0.5084361370304074, 0.11894230800525962, 0.6689231024705807, 0.16593731280021812, 0.11136242050396755, 0.2882154900675131, 0.19085875487160725, 0.5143001565511153, 0.34622644559362303, 0.5649833810842546, 0.6523125699383263, 0.6236906253473922, 0.5415023627612088, 0.13736877160865918, 0.1828494914711261, 0.22440502298274684, 0.2950297206556329, 0.4973360798286094, 0.4152862908400212, 0.2882515592426903, 0.20390945431439667]
Hidden Layer bias weights: [0.1637380756310976, -0.07272092492341138, 0.2260301370696253, -0.020657921322892157, -0.2945311846804419, -0.2084367069816472, -0.3140730568836946, 0.01868754588076003, 0.11973130393136613, 0.10097946642628639]
End weights 
Start weights 
Input bias weights: [0.6392074184717381, 0.367066715645473, 0.15267444466283864, 0.5091575561503823, 0.6073127313848197, 0.29175266325998206, 0.3084551768431387, 0.1389634469896427, 0.42530281673533743, 0.6347990094123334, 0.6108172304518755, 0.5270854624043276, 0.6563946740339066, 0.4826200135384098, 0.5762178303070016, 0.40525344710458044, 0.17281747304707412, 0.22058822270661144, 0.18332612322301944, 0.5742238364846495, 0.11577041608495942, 0.43241286235575704, 0.32134669930073245, 0.5821970357731518]
Hidden Layer bias weights: [0.4186248938396795, 0.4827667440451826, 0.13149466410367766, 0.34798081962895516, 0.5304148337501462, 0.16032694286640875, 0.5624596348589674, 0.10310886784427803, 0.43021153946777, 0.6574598081019867]
End weights 
Start weights 
Input bias weights: [0.30714854227278005, 0.2665649597530998, 0.110239189033487, 0.12045747799315439, 0.29609066211369495, 0.3225884916230652, 0.15790530021730734, 0.21587213438740718, 0.21899752322056726, 0.18069002224305292, 0.6220254569988262, 0.19683646182538705, 0.4047144281924946, 0.464296046236905, 0.561279192059099, 0.20273091376780739, 0.47084556357629914, 0.35256993900057754, 0.30827753429351035, 0.3101533902243793, 0.1428550240544066, 0.628329686005331, 0.5731018248404435, 0.6622663783481897]
Hidden Layer bias weights: [0.16478710317899398, 0.49986982438565875, 0.4096650846845141, 0.4809532566690685, 0.5894853278851332, 0.13909234482968477, 0.4299491263852705, 0.10479206170592353, 0.5525970164701535, 0.14661086814723095]
End weights 
Start weights 
Input bias weights: [0.2259062039433774, 0.11534738520663748, 0.11217446677475873, 0.37756104884693686, 0.4626623227080924, 0.6747316646075178, 0.5205454404821439, 0.3320401086626187, 0.6751515223620301, 0.5938526423474381, 0.5563930570348228, 0.3495475397808184, 0.15056076842524108, 0.16779332043760775, 0.5055582896012877, 0.2828129343928496]
Hidden Layer bias weights: [0.21629431628074908, 0.2864600537920105, 0.5883317753221241, 0.3282349034078462, 0.4916945445896168, 0.30050655356185396, 0.5278576834203702, 0.1170119825030837, 0.5968763569264247, 0.1440761439590707]
End weights 
Start weights 
Input bias weights: [0.2259062039433774, 0.11534738520663748, 0.11217446677475873, 0.37756104884693686, 0.4626623227080924, 0.6747316646075178, 0.5205454404821439, 0.3320401086626187, 0.6751515223620301, 0.5938526423474381, 0.5563930570348228, 0.3495475397808184, 0.15056076842524108, 0.16779332043760775, 0.5055582896012877, 0.2828129343928496]
Hidden Layer bias weights: [0.21629431628074908, 0.2864600537920105, 0.5883317753221241, 0.3282349034078462, 0.4916945445896168, 0.30050655356185396, 0.5278576834203702, 0.1170119825030837, 0.5968763569264247, 0.1440761439590707]
End weights 
Start weights 
Input bias weights: [0.30714854227278005, 0.2665649597530998, 0.110239189033487, 0.12045747799315439, 0.29609066211369495, 0.3225884916230652, 0.15790530021730734, 0.21587213438740718, 0.21899752322056726, 0.18069002224305292, 0.6220254569988262, 0.19683646182538705, 0.4047144281924946, 0.464296046236905, 0.561279192059099, 0.20273091376780739, 0.47084556357629914, 0.35256993900057754, 0.30827753429351035, 0.3101533902243793, 0.1428550240544066, 0.628329686005331, 0.5731018248404435, 0.6622663783481897]
Hidden Layer bias weights: [0.16478710317899398, 0.49986982438565875, 0.4096650846845141, 0.4809532566690685, 0.5894853278851332, 0.13909234482968477, 0.4299491263852705, 0.10479206170592353, 0.5525970164701535, 0.14661086814723095]
End weights 
Start weights 
Input bias weights: [0.30714854227278005, 0.2665649597530998, 0.110239189033487, 0.12045747799315439, 0.29609066211369495, 0.3225884916230652, 0.15790530021730734, 0.21587213438740718, 0.21899752322056726, 0.18069002224305292, 0.6220254569988262, 0.19683646182538705, 0.4047144281924946, 0.464296046236905, 0.561279192059099, 0.20273091376780739, 0.47084556357629914, 0.35256993900057754, 0.30827753429351035, 0.3101533902243793, 0.1428550240544066, 0.628329686005331, 0.5731018248404435, 0.6622663783481897]
Hidden Layer bias weights: [0.16478710317899398, 0.49986982438565875, 0.4096650846845141, 0.4809532566690685, 0.5894853278851332, 0.13909234482968477, 0.4299491263852705, 0.10479206170592353, 0.5525970164701535, 0.14661086814723095]
End weights 
Start weights 
Input bias weights: [0.30714854227278005, 0.2665649597530998, 0.110239189033487, 0.12045747799315439, 0.29609066211369495, 0.3225884916230652, 0.15790530021730734, 0.21587213438740718, 0.21899752322056726, 0.18069002224305292, 0.6220254569988262, 0.19683646182538705, 0.4047144281924946, 0.464296046236905, 0.561279192059099, 0.20273091376780739, 0.47084556357629914, 0.35256993900057754, 0.30827753429351035, 0.3101533902243793, 0.1428550240544066, 0.628329686005331, 0.5731018248404435, 0.6622663783481897]
Hidden Layer bias weights: [-0.29426749340458896, 0.03549959075007432, -0.1563738223834124, 0.0039749052512950776, 0.06344870262914559, -0.2879144999541843, -0.14592059586532696, -0.40924628213505715, 0.013732561491847567, -0.3117791540632724]
End weights 
Start weights 
Input bias weights: [0.30714854227278005, 0.2665649597530998, 0.110239189033487, 0.12045747799315439, 0.29609066211369495, 0.3225884916230652, 0.15790530021730734, 0.21587213438740718, 0.21899752322056726, 0.18069002224305292, 0.6220254569988262, 0.19683646182538705, 0.4047144281924946, 0.464296046236905, 0.561279192059099, 0.20273091376780739, 0.47084556357629914, 0.35256993900057754, 0.30827753429351035, 0.3101533902243793, 0.1428550240544066, 0.628329686005331, 0.5731018248404435, 0.6622663783481897]
Hidden Layer bias weights: [-0.29426749340458896, 0.03549959075007432, -0.1563738223834124, 0.0039749052512950776, 0.06344870262914559, -0.2879144999541843, -0.14592059586532696, -0.40924628213505715, 0.013732561491847567, -0.3117791540632724]
End weights 
Start weights 
Input bias weights: [0.2259062039433774, 0.11534738520663748, 0.11217446677475873, 0.37756104884693686, 0.4626623227080924, 0.6747316646075178, 0.5205454404821439, 0.3320401086626187, 0.6751515223620301, 0.5938526423474381, 0.5563930570348228, 0.3495475397808184, 0.15056076842524108, 0.16779332043760775, 0.5055582896012877, 0.2828129343928496]
Hidden Layer bias weights: [0.21629431628074908, 0.2864600537920105, 0.5883317753221241, 0.3282349034078462, 0.4916945445896168, 0.30050655356185396, 0.5278576834203702, 0.1170119825030837, 0.5968763569264247, 0.1440761439590707]
End weights 
Start weights 
Input bias weights: [0.2259062039433774, 0.11534738520663748, 0.11217446677475873, 0.37756104884693686, 0.4626623227080924, 0.6747316646075178, 0.5205454404821439, 0.3320401086626187, 0.6751515223620301, 0.5938526423474381, 0.5563930570348228, 0.3495475397808184, 0.15056076842524108, 0.16779332043760775, 0.5055582896012877, 0.2828129343928496]
Hidden Layer bias weights: [0.21629431628074908, 0.2864600537920105, 0.5883317753221241, 0.3282349034078462, 0.4916945445896168, 0.30050655356185396, 0.5278576834203702, 0.1170119825030837, 0.5968763569264247, 0.1440761439590707]
End weights 
Start weights 
Input bias weights: [0.2259062039433774, 0.11534738520663748, 0.11217446677475873, 0.37756104884693686, 0.4626623227080924, 0.6747316646075178, 0.5205454404821439, 0.3320401086626187, 0.6751515223620301, 0.5938526423474381, 0.5563930570348228, 0.3495475397808184, 0.15056076842524108, 0.16779332043760775, 0.5055582896012877, 0.2828129343928496]
Hidden Layer bias weights: [-0.29202385432777, -0.2590308090991857, 0.08644549728655432, -0.2015877709701051, -0.026620059409547283, -0.2600264565394068, -0.062422091818651125, -0.27205203285546964, -0.026638201850854446, -0.40136710001805215]
End weights 
Start weights 
Input bias weights: [0.2259062039433774, 0.11534738520663748, 0.11217446677475873, 0.37756104884693686, 0.4626623227080924, 0.6747316646075178, 0.5205454404821439, 0.3320401086626187, 0.6751515223620301, 0.5938526423474381, 0.5563930570348228, 0.3495475397808184, 0.15056076842524108, 0.16779332043760775, 0.5055582896012877, 0.2828129343928496]
Hidden Layer bias weights: [-0.29202385432777, -0.2590308090991857, 0.08644549728655432, -0.2015877709701051, -0.026620059409547283, -0.2600264565394068, -0.062422091818651125, -0.27205203285546964, -0.026638201850854446, -0.40136710001805215]
End weights 
Start weights 
Input bias weights: [0.2259062039433774, 0.11534738520663748, 0.11217446677475873, 0.37756104884693686, 0.4626623227080924, 0.6747316646075178, 0.5205454404821439, 0.3320401086626187, 0.6751515223620301, 0.5938526423474381, 0.5563930570348228, 0.3495475397808184, 0.15056076842524108, 0.16779332043760775, 0.5055582896012877, 0.2828129343928496]
Hidden Layer bias weights: [0.21629431628074908, 0.2864600537920105, 0.5883317753221241, 0.3282349034078462, 0.4916945445896168, 0.30050655356185396, 0.5278576834203702, 0.1170119825030837, 0.5968763569264247, 0.1440761439590707]
End weights 
Start weights 
Input bias weights: [0.2259062039433774, 0.11534738520663748, 0.11217446677475873, 0.37756104884693686, 0.4626623227080924, 0.6747316646075178, 0.5205454404821439, 0.3320401086626187, 0.6751515223620301, 0.5938526423474381, 0.5563930570348228, 0.3495475397808184, 0.15056076842524108, 0.16779332043760775, 0.5055582896012877, 0.2828129343928496]
Hidden Layer bias weights: [0.21629431628074908, 0.2864600537920105, 0.5883317753221241, 0.3282349034078462, 0.4916945445896168, 0.30050655356185396, 0.5278576834203702, 0.1170119825030837, 0.5968763569264247, 0.1440761439590707]
End weights 
Start weights 
Input bias weights: [0.2259062039433774, 0.11534738520663748, 0.11217446677475873, 0.37756104884693686, 0.4626623227080924, 0.6747316646075178, 0.5205454404821439, 0.3320401086626187, 0.6751515223620301, 0.5938526423474381, 0.5563930570348228, 0.3495475397808184, 0.15056076842524108, 0.16779332043760775, 0.5055582896012877, 0.2828129343928496]
Hidden Layer bias weights: [-0.28088070971013834, -0.2454980034962709, 0.10995103573760572, -0.2763197795607746, 0.10351232534522047, -0.23414505218965903, -0.05840515281155607, -0.37136725333263554, -0.030506936983831664, -0.3960669327385572]
End weights 
Start weights 
Input bias weights: [0.2259062039433774, 0.11534738520663748, 0.11217446677475873, 0.37756104884693686, 0.4626623227080924, 0.6747316646075178, 0.5205454404821439, 0.3320401086626187, 0.6751515223620301, 0.5938526423474381, 0.5563930570348228, 0.3495475397808184, 0.15056076842524108, 0.16779332043760775, 0.5055582896012877, 0.2828129343928496]
Hidden Layer bias weights: [-0.28088070971013834, -0.2454980034962709, 0.10995103573760572, -0.2763197795607746, 0.10351232534522047, -0.23414505218965903, -0.05840515281155607, -0.37136725333263554, -0.030506936983831664, -0.3960669327385572]
End weights 
